#time0col7[msb-lsb],time0col6[msb-lst],....,time0col0[msb-lst]#
#time1col7[msb-lsb],time1col6[msb-lst],....,time1col0[msb-lst]#
#................#
               0               0               0               0               0               0               0               0
               0               0               0               0               0               0               0               0
               0               0               0               0               0               0               0               0
               0               0               0               0               0               0               0               0
               0               0               0               0               0               0               0               0
               0               0               0               0               0               0               0               0
               0               0               0               0               0               0               0               0
              10             1001111111111111011              10            100011111111111110101111111111111011               0
              10              111111111111111101             100             10011111111111111101111111111111101               1
1111111111111101               01111111111111101              11             111111111111111110111111111111110101111111111111111
1111111111111101               11111111111111011               1            1011111111111111100111111111111110001111111111111110
               0               0               0               0               0               0               0               0
               0               0               0               0               0               0               0               0
              11             10111111111111100011111111111110010           10010111111111110110111111111111111011111111111111101
            1111            110011111111111110101111111111111101              111111111111110111              11              11
             101             10011111111111111101111111111111111               11111111111111101               1               1
               0              1011111111111111001111111111111100            1000111111111111100011111111111111001111111111111110
               0               0               0               0               0               0               0               0
               0               0               0               0               0               0               0               0
              11             10011111111111111011111111111111101               01111111111111110               1               0
               0               111111111111111101111111111111110             100111111111111110011111111111111101111111111111111
            1010              1111111111111101001111111111111000            110011111111111110001111111111111000             101
               0              1111111111111110101111111111111010            1100111111111111010011111111111110101111111111111101
               0               0               0               0               0               0               0               0
               0               0               0               0               0               0               0               0
             101               011111111111111011111111111111111               0              101111111111111111             100
111111111111101111111111111110111111111111111010             111             111              101111111111111100             101
111111111111110111111111111110101111111111110110            1011            1010             1011111111111110111            1001
111111111111100011111111111110111111111111110111            1010            111011111111111111111111111111110110             100
               0               0               0               0               0               0               0               0
               0               0               0               0               0               0               0               0
               0               0               0               0               0               0               0               0
               0               0               0               0               0               0               0               0
               0               0               0               0               0               0               0               0
               0               0               0               0               0               0               0               0
               0               0               0               0               0               0               0               0
