xxxxxxxxxxxxxxxxxxxxxxxxxxxxxxxxxxxxxxxxxxxxxxxxxxxxxxxxxxxxxxxxxxxxxxxxxxxxxxxxxxxxxxxxxxxxxxxxxxxxxxxxxxxxxxxxxxxxxxxxxxxxxxxx
xxxxxxxxxxxxxxxxxxxxxxxxxxxxxxxxxxxxxxxxxxxxxxxxxxxxxxxxxxxxxxxxxxxxxxxxxxxxxxxxxxxxxxxxxxxxxxxxxxxxxxxxxxxxxxxxxxxxxxxxxxxxxxxx
xxxxxxxxxxxxxxxxxxxxxxxxxxxxxxxxxxxxxxxxxxxxxxxxxxxxxxxxxxxxxxxxxxxxxxxxxxxxxxxxxxxxxxxxxxxxxxxxxxxxxxxxxxxxxxxxxxxxxxxxxxxxxxxx
00000000000111110000000000000110000000000000000000000000000101110000000000001100000000000000000000000000000000000000000000000000
00000000001110000000000000000000000000000000000000000000000000000000000000101110000000000000000000000000000000000000000000000000
00000000000001010000000000000000000000000000000000000000000000000000000000001110000000000000000000000000000000000000000000110111
00000000000000000000000000000000000000000000000000000000000001100000000000000000000000000000000000000000000000000000000000000111
00000000000010100000000000000000000000000000000000000000000000000000000000000000000000000000000000000000000000000000000000000000
00000000000000000000000000000000000000000000000000000000000000000000000000011001000000000000000000000000000000000000000000000000
00000000000000000000000000000000000000000000000000000000000000000000000000000000000000000000000000000000000000000000000010101000
00000000000110010000000000000000000000000000000000000000000101010000000000000100000000000000000000000000000000000000000000000000
00000000000001100000000000000000000000000000000000000000000000000000000000100100000000000000000000000000000000000000000000000000
00000000000000000000000000000000000000000000000000000000000000000000000000001000000000000000000000000000000000000000000000011001
00000000000000000000000000010101000000000000000000000000000000000000000000000000000000000000000000000000000000000000000100001111
00000000000100110000000000000000000000000000000000000000000011100000000000000000000000000000000000000000000000000000000000111011
00000000000001100000000000000000000000000000000000000000000000000000000000000000000000000000000000000000000000000000000000111001
00000000000000000000000000000000000000000000000000000000000000000000000000000000000000000000000000000000000000000000000001011010
00000000000000000000000000000000000000000000000000000000000000000000000000000000000000000000000000000000000000000000000001011010
00000000001010010000000001111111000000000000000000000000000000000000000000000000000000000000000000000000000000000000000011011010
