#time0col7[msb-lsb],time0col6[msb-lst],....,time0col0[msb-lst]#
#time1col7[msb-lsb],time1col6[msb-lst],....,time1col0[msb-lst]#
#................#
               0               0               0               0               0               0               0               0
               0               0               0               0               0               0               0               0
               0               0               0               0               0               0               0               0
               0               0               0               0               0               0               0               0
               0               0               0               0               0               0               0               0
               0               0               0               0               0               0               0               0
               0               0               0               0               0               0               0               0
1111111111111011111111111110111111111111111101011111111111111010            111011111111111101111111111111111100           11101
1111111111111111111111111111001011111111111110011111111111111010          1000001111111111111000            1000          110101
             100111111111110110111111111111100001111111111111100          1000101111111111101011            1000          101100
1111111111111101111111111111010011111111111101111111111111111110          1000011111111111110010             110          100101
               0               0               0               0               0               0               0               0
               0               0               0               0               0               0               0               0
              10111111111111001111111111111110001111111111111010             1111111111111111011               0           11010
              10111111111110100011111111111011101111111111111000            111111111111111100001111111111111110          100100
1111111111110010111111111101001111111111110110011111111111111101           1000011111111111101001111111111110011            1111
111111111111001011111111110100111111111111011110               0           1000011111111111100111111111111110110            1010
               0               0               0               0               0               0               0               0
               0               0               0               0               0               0               0               0
1111111111101110111111111110111011111111111010001111111111111100            1011           1100111111111111011111111111111110100
111111111101100111111111111011001111111111101010            1000          100010          11001011111111111100001111111111001100
111111111101100111111111111011001111111111101010            1000          100010          11001011111111111100001111111111001100
111111111101110111111111111010101111111111110100            1110          101101           11011             1111111111111001010
               0               0               0               0               0               0               0               0
               0               0               0               0               0               0               0               0
111111111111111011111111111100001111111111110100               1            1011            1011            11111111111111101110
1111111111010110111111111110111011111111111101001111111111111100             110           1001011111111111011001111111111011100
1111111111010110               1             1111111111111110110            1010           1100011111111111101011111111111010111
1111111111100001            1100           10110             111           11101           11011            11011111111111101011
               0               0               0               0               0               0               0               0
               0               0               0               0               0               0               0               0
               0               0               0               0               0               0               0               0
               0               0               0               0               0               0               0               0
               0               0               0               0               0               0               0               0
               0               0               0               0               0               0               0               0
               0               0               0               0               0               0               0               0
